44
99
20
56
15
65
45
6
34
54
98
60
87
6
9
29
26
85
68
19
75
78
38
92
43
34
36
65
30
8
79
96
0
57
23
22
13
65
46
43
56
10
63
39
71
97
36
85
80
91
59
1
15
88
60
43
67
48
74
43
9
84
21
85
25
28
47
91
92
95
63
49
83
75
97
9
45
27
33
19
72
35
12
37
90
16
53
9
36
37
42
31
96
46
90
30
67
23
71
26
1
49
13
92
81
57
9
79
98
98
56
0
64
70
96
85
26
96
53
42
92
69
78
16
40
26
39
55
77
94
12
80
68
65
19
8
85
33
62
77
46
88
1
11
51
79
82
29
8
6
44
74
4
1
53
63
12
87
88
25
65
18
24
12
72
85
19
82
42
14
65
10
0
18
55
24
57
10
98
27
15
52
85
70
76
21
44
44
41
59
21
18
22
54
17
87
25
71
51
97
2
96
32
95
72
20
55
79
74
28
85
93
25
7
69
13
21
51
46
90
38
65
33
88
92
19
82
97
32
40
12
36
20
32
5
91
35
82
89
84
90
9
42
31
98
59
68
2
69
17
67
30
92
84
14
50
51
44
48
10
89
52
78
17
92
93
15
40
57
16
41
99
13
68
85
35
35
92
6
99
1
83
3
23
59
85
6
75
59
98
34
81
3
23
37
79
30
48
95
96
89
90
6
85
3
29
75
99
3
42
55
84
10
4
3
27
14
13
78
82
44
83
32
11
39
53
16
35
22
32
88
43
52
32
89
12
84
16
6
43
39
81
82
99
86
40
70
20
45
70
53
48
22
14
54
55
40
97
48
91
96
34
50
34
97
61
58
14
8
2
96
92
75
25
8
21
83
56
36
54
73
77
57
26
57
44
93
22
95
29
77
93
95
73
9
9
29
19
97
86
23
15
97
78
86
13
17
47
3
3
85
74
57
26
68
25
33
56
44
40
